0.709309
1.175893
2.206118
3.074882
5.178483
4.484569
7.249911
7.482137
10.481359
10.687157
12.923607
13.698817
15.051993
16.485943
17.846769
21.014920
21.121187
22.661461
24.213507
24.823388
26.979258
29.197331
28.617651
32.701733
32.461884
32.824418
35.789670
37.697195
38.361446
39.686981
40.307416
41.924748
44.798455
44.872506
46.090174
48.083748
49.968257
50.057806
51.883775
53.537820
55.398111
56.322094
58.540642
59.801531
60.518073
61.047766
62.201947
64.858360
66.563366
67.668749
68.839744
70.726224
71.975329
73.094735
73.875164
75.725842
77.722487
79.454191
80.867021
82.136205
82.834247
84.433765
86.595546
87.556574
88.102827
91.364357
92.126861
92.919260
95.961560
96.285700
98.004636
99.087963
99.179054
101.837291
104.867095
104.651325
105.247711
109.156452
109.831027
109.842792
112.060573
111.481965
115.312636
115.484997
116.592497
118.656829
120.816869
122.012548
123.713522
123.623947
126.646360
127.817526
128.241640
131.628795
130.993207
132.872440
133.779514
135.842809
137.135851
138.780407
140.005452
142.473788
143.675560
144.787828
146.381668
147.262604
149.341314
149.447358
152.834470
154.075427
154.931881
155.669958
157.450181
158.026805
159.534563
160.985976
161.508324
163.716969
164.997072
166.494808
167.593171
168.779701
170.136967
172.838041
173.769978
175.360430
175.515444
179.175257
179.434823
181.300434
183.112042
183.808218
185.578618
187.039106
188.456899
190.403698
190.872431
192.157197
194.282495
196.010488
196.134894
198.335019
200.282127
200.849434
202.532728
202.597229
204.699934
207.118301
208.899669
209.002795
211.896579
211.671889
213.902535
214.909369
215.324071
217.540264
219.012846
221.508737
221.265439
222.681561
224.152617
226.326699
228.063350
229.580171
229.531266
230.883162
234.494746
235.463851
236.153033
236.536336
239.907539
240.321333
241.791079
244.070354
245.099061
246.364882
246.926848
248.014612
252.638641
253.162950
253.759695
256.002772
256.293794
256.814237
260.055871
259.450877
260.974027
262.918596
265.651729
266.120972
268.178902
267.550607
270.621674
271.170816
273.249637
274.599762
275.518844
277.245392
278.394252
278.859878
281.349469
282.530992
283.413630
286.110080
286.916427
288.878649
288.879028
292.027910
292.882372
295.459586
295.404363
295.955191
299.461469
299.902135
301.462849
301.995347
304.910638
305.457607
306.649739
306.875335
309.772677
310.274856
312.609767
313.243687
316.471987
316.108255
316.728508
319.906164
320.240125
322.436591
324.025649
325.087366
327.582980
327.900785
329.923796
330.317795
331.197366
334.277261
334.737148
337.095370
338.659153
340.335760
341.362307
341.265183
344.027805
344.687860
346.106984
348.994084
350.055947
351.172750
350.704860
353.758518
355.047409
355.135759
357.223615
359.459154
360.297319
362.079061
363.457950
364.634094
365.627777
367.111966
369.194713
370.971993
372.450700
373.024724
374.252221
376.345694
377.770229
378.988018
379.844993
382.043397
384.041573
384.067212
385.380165
388.882561
389.302477
390.200928
390.048855
393.078064
394.809308
394.870144
396.719035
399.080082
401.529493
401.898637
403.828127
404.028221
405.790985
406.919036
408.567980
410.060152
412.315985
412.770524
413.166598
416.726856
417.665530
419.016162
420.249568
421.569278
423.429656
